110851
110059
110053
108566
107822
107251
104689
103902
102924
102896
101060
98772
98112
95688
95043
90999
89609
89600
89011
87884
87062
87069
86399
84620
84597
83870
80544
80077
80042
78789
78542
78089
77996
77873
77556
75911
74859
73863
73171
73101
72402
71349
71080
70758
70309
69381
69331
68681
68678
68676
68670
68667
68663
68279
68276
68259
68260
67959
67951
67953
67950
67945
67942
67939
67940
67941
67448
66971
66467
66460
65837
65830
65821
65819
65816
65231
65228
65224
65217
65213
64636
64621
64256
64252
64250
63843
63839
63838
62770
63393
62719
62715
62714
62711
62704
62705
62136
62135
62130
62129
62126
62122
62118
62119
62115
60874
61493
61495
61487
61488
61484
61483
61479
60903
60896
60894
60892
60886
60885
60879
60878
60873
60354
60355
60350
60349
60347
60344
60336
60337
60329
60325
60081
60077
60078
59610
59605
59603
59075
59076
59064
59062
59059
59056
58572
58552
58546
58536
58538
58535
58533
57408
58190
58189
58187
58026
58005
57404
57397
57353
57313
56694
56690
56688
56689
56681
56680
56053
56047
56044
55410
55403
55397
55399
55387
55383
55379
55076
55045
55043
55040
55030
55024
54709
54706
54707
54708
54705
54700
54701
54702
54699
54691
54685
54418
54407
54374
54354
54347
54343
