31431
31441
31442
31447
32709
32719
32723
32725
32731
32734
32735
32737
33429
33430
33434
33435
33755
34062
34066
34077
34589
34603
34612
34615
34617
35190
35193
37089
37090
37093
37565
37567
37569
37574
37577
37584
38568
38574
39235
39643
39645
40023
40038
41967
41968
41975
41981
42442
42793
43429
43433
43436
44384
44910
44914
44917
44920
44921
46167
46441
47024
47028
47031
47032
47461
47468
47473
47476
48074
48101
50009
50111
50851
50859
50862
51688
52285
52291
52298
52682
53117
54421
54686
55037
55409
56022
56037
56048
56685
57322
58534
58547
58550
59071
59078
59602
60887
61496
62720
64253
103501
