53311
53317
53114
53115
53116
52686
52684
52286
51689
51706
51707
51703
51370
51377
50858
50850
50856
50860
50103
50092
50138
50094
50105
50109
50100
49984
49995
49996
49986
50000
50001
49989
49990
50003
49991
50008
49994
49566
49567
49568
49267
49269
48686
48688
48689
48694
48695
48696
48699
48092
48073
48085
48079
48080
48088
48097
48081
47460
47470
47463
47307
47311
47308
47304
47309
47306
47312
47026
47033
46467
46433
46487
46434
46435
46436
46424
46438
46425
46165
46185
45691
45498
44918
44912
44956
44939
44940
44945
44916
44367
44368
44381
44369
44382
44383
44371
44372
44373
44388
43861
44375
44376
44377
44378
43896
43873
43876
43879
43790
43778
43422
43431
43424
43427
43428
42792
42804
42797
42813
42802
42806
42807
42808
42815
42439
42440
42445
41970
41971
41974
41976
41966
41980
41983
41829
41830
41831
41560
41177
40711
40709
40018
40019
40009
40010
40039
40022
40024
40016
39642
39229
39259
39241
39230
39242
39243
39233
39646
39244
39245
39234
39246
39258
39237
38565
38569
38608
38589
38591
38592
38577
38609
38578
38579
38580
38581
38594
38366
38369
38371
38372
38196
38203
38191
38194
38188
37558
37560
37562
37576
37563
37578
37571
37087
37582
37094
37092
37097
37098
37099
36725
38189
36708
36709
36706
36463
36707
36711
36431
36432
36433
36434
36435
35982
35984
35986
35653
35655
35666
35657
35658
35667
35668
35661
35669
35670
35663
35672
35497
35181
35176
35182
35183
35175
35177
35184
35178
35185
35179
35187
35180
35188
34580
34680
34581
34606
34607
34582
34608
34609
34583
34584
34610
34585
34611
34613
34614
34587
34616
34590
34591
34592
34618
34620
34594
34595
34596
34621
34597
34598
34622
34599
34623
34624
34600
34602
34625
34629
34605
34060
34069
34070
33751
33752
33762
33771
33756
33766
33767
33768
33769
33758
33759
33770
33458
33428
38205
33431
33432
33197
33198
33200
33760
32710
32711
32712
33433
32727
32713
32728
32714
32715
32716
32729
32717
32718
32720
32732
32721
32736
32738
32739
32724
32411
32405
32406
32407
32403
32410
31973
31430
31439
31434
31436
31476
31443
31159
31160
30897
30898
30899
30901
30894
30900
30903
29898
29899
29909
29906
29803
29566
29567
29568
29569
29104
28953
28773
28555
28304
27827
27754
27481
27482
27491
27494
27485
27487
22357
26947
26936
26937
26932
26938
26502
26506
26292
25241
25238
25080
24833
24832
23988
23993
23991
23329
23707
23024
23027
22655
22650
22651
22653
22330
22366
22333
21599
21007
20467
20445
20450
20474
16421
16431
16423
16424
16426
16415
16428
16417
16429
16418
16430
16420
16087
15959
15915
15906
15909
15300
15293
20951
14779
14757
14118
13768
13769
13775
13777
20876
13766
13767
13069
12807
12787
20871
12818
4938
54334
54344
54175
54176
54278
54329
54219
54214
54220
54253
54246
54245
54291
2933
3828
4082
54223
54336
