3828
4082
4938
12787
12807
12818
13069
13766
13767
13768
13769
13775
13777
14118
14757
15293
15300
15906
15909
16087
16415
16417
16418
16420
16421
16423
16424
16426
16428
16429
16430
16431
20445
20450
20467
20474
21007
21599
22333
22650
22651
22653
22655
23024
23027
23707
23988
23991
24832
24833
25080
25238
25241
26292
26502
26506
26932
26936
26937
26938
27481
27482
27485
27487
27491
27494
27754
27827
28304
28555
28773
28953
29566
29567
29568
29569
29803
29898
29899
29906
29909
30894
30897
30898
30899
30900
30901
30903
31159
31160
31430
31434
31436
31439
31443
31973
32403
32405
32406
32407
32410
32411
32710
32711
32713
32714
32716
32717
32718
32720
32721
32724
32727
32728
32729
32732
32736
32738
32739
33197
33198
33200
33428
33431
33432
33433
33751
33752
33756
33758
33759
33760
33762
33766
33767
33768
33769
33770
33771
34060
34069
34070
34580
34581
34582
34583
34584
34585
34587
34590
34591
34592
34594
34595
34596
34597
34598
34599
34600
34602
34605
34606
34607
34608
34609
34610
34611
34613
34614
34616
34618
34620
34621
34622
34623
34624
34625
34629
35175
35176
35177
35178
35179
35180
35181
35182
35183
35184
35185
35187
35188
35497
35653
35655
35657
35658
35661
35663
35666
35667
35668
35669
35670
35672
35984
35986
36431
36432
36433
36434
36435
36706
36707
36708
36709
36711
37092
37094
37097
37098
37099
37558
37560
37562
37563
37571
37576
37578
37582
38188
38189
38191
38194
38196
38203
38205
38366
38371
38372
38565
38569
38577
38578
38579
38580
38581
38589
38591
38592
38594
38608
38609
39229
39230
39234
39237
39241
39242
39243
39244
39245
39246
39258
39259
39642
39646
40009
40010
40016
40018
40019
40022
40024
40039
40711
41177
41560
41829
41830
41831
41966
41970
41971
41974
41976
41980
41983
42439
42440
42445
42792
42797
42802
42804
42806
42807
42808
42813
42815
43422
43424
43427
43428
43431
43778
43861
43873
43876
43879
44367
44368
44369
44371
44372
44373
44375
44376
44377
44378
44381
44382
44383
44388
44916
44918
45498
46165
46424
46425
46433
46435
46436
46438
46487
47026
47033
47304
47306
47307
47308
47309
47311
47312
47460
47470
48073
48079
48080
48081
48085
48088
48092
48097
48686
48688
48689
48694
48695
48696
48699
49267
49269
49566
49567
49568
49984
49986
49989
49990
49991
49994
49995
49996
50000
50001
50003
50008
50092
50094
50100
50103
50105
50850
50856
50858
50860
51370
51377
51689
51703
51706
51707
52286
52684
52686
53114
53115
53116
53317
54220
